000000000000000000000000000000000000000000000000
000000000000000000000000000000000000000000000000
000000000000000000000000000063825363350101740101
3d07010008744f36233204c0a801650c044e6f686f3c084d
53465420352e30370b010f03062c2e2f1f21f92bff000000
000000000000


ff ff ff ff ff ff 00 06 25 da af 73 08 00 45 00 02 40 01 08 00 00 96 11		
5f fc c0 a8 01 01 ff ff ff ff 00 43 00 44 02 2c 72 23 02 01 06 00 3e 5e
0c e3 00 00 00 00 00 00 00 00 c0 a8 01 65 00 00 00 00 00 00 00 00 00 08
74 4f 36 23 00 00 00 00 00 00 00 00 00 00 00 00 00 00 00 00 00 00 00 00
00 00 00 00 00 00 00 00 00 00 00 00 00 00 00 00 00 00 00 00 00 00 00 00
00 00 00 00 00 00 00 00 00 00 00 00 00 00 00 00 00 00 00 00 00 00 00 00
00 00 00 00 00 00 00 00 00 00 00 00 00 00 00 00 00 00 00 00 00 00 00 00
00 00 00 00 00 00 00 00 00 00 00 00 00 00 00 00 00 00 00 00 00 00 00 00
00 00 00 00 00 00 00 00 00 00 00 00 00 00 00 00 00 00 00 00 00 00 00 00
00 00 00 00 00 00 00 00 00 00 00 00 00 00 00 00 00 00 00 00 00 00 00 00
00 00 00 00 00 00 00 00 00 00 00 00 00 00 00 00 00 00 00 00 00 00 00 00
00 00 00 00 00 00 00 00 00 00 00 00 00 00 63 82 53 63 35 01 02 01 04 ff
ff ff 00 03 04 c0 a8 01 01 06 08 3f f0 4c 13 cc 7f c6 13 0f 16 6e 65 32
2e 63 6c 69 65 6e 74 32 2e 61 74 74 62 69 2e 63 6f 6d 00 33 04 00 01 51
80 36 04 c0 a8 01 01 ff 00 00 00 00 00 00 00 00 00 00 00 00 00 00 00 00
00 00 00 00 00 00 00 00 00 00 00 00 00 00 00 00 00 00 00 00 00 00 00 00

ff ff ff ff ff ff 00 08 74 4f 36 23 08 00 45 00 01 48 b3 10 00 00 80 11
86 95 00 00 00 00 ff ff ff ff 00 44 00 43 01 34 e9 7b 01 01 06 00 3e 5e
0c e3 00 00 00 00 00 00 00 00 00 00 00 00 00 00 00 00 00 00 00 00 00 08
74 4f 36 23 00 00 00 00 00 00 00 00 00 00 00 00 00 00 00 00 00 00 00 00
00 00 00 00 00 00 00 00 00 00 00 00 00 00 00 00 00 00 00 00 00 00 00 00
00 00 00 00 00 00 00 00 00 00 00 00 00 00 00 00 00 00 00 00 00 00 00 00
00 00 00 00 00 00 00 00 00 00 00 00 00 00 00 00 00 00 00 00 00 00 00 00
00 00 00 00 00 00 00 00 00 00 00 00 00 00 00 00 00 00 00 00 00 00 00 00
00 00 00 00 00 00 00 00 00 00 00 00 00 00 00 00 00 00 00 00 00 00 00 00
00 00 00 00 00 00 00 00 00 00 00 00 00 00 00 00 00 00 00 00 00 00 00 00
00 00 00 00 00 00 00 00 00 00 00 00 00 00 00 00 00 00 00 00 00 00 00 00
00 00 00 00 00 00 00 00 00 00 00 00 00 00 63 82 53 63 35 01 01 74 01 01
3d 07 01 00 08 74 4f 36 23 32 04 c0 a8 01 65 0c 04 4e 6f 68 6f 3c 08 4d
53 46 54 20 35 2e 30 37 0b 01 0f 03 06 2c 2e 2f 1f 21 f9 2b ff 00 00 00
00 00 00 00 00 00